000
001
002
003
004
005
006
007
008
009
010
011
012
013
014
015
016
017
018
019
020
021
022
0230
0231
024
025
026
027
028
029
030
031
032
033
034
035
036
037
038
039
040
041
042
044
045
046
047
048
049
050
051
052
053
054
0550
0551
0552
0553
0561
0562
0563
0564
057
058
0590
0591
0600
0601
061
062
063
064
065
0660
0661
067
068
069
070
071
072
073
074
075
076
077
078
079
080
081
082
083
084
085
086
087
088
089
090
091
092
093
094
095
096
097
098
099
100
101
102
103
104
105
106
107
108
109
123
124
125
20260714190445
20260730212326
20260730212406
20260731224653
20260902003623
20260906100000
20260906110000
20260906120000
20260906130000
20260909000000
